1 10 20
100 200 125
201 210 89
900 1000 174
100 300 128
300 500 144
500 700 145
700 900 179
900 2000 182
20 100 119
30 150 122
40 200 125
50 300 128
60 400 144
70 500 144
80 600 144
90 700 145
100 1000 179
200 2000 182
300 3000 217
400 4000 238
500 5000 238
600 6000 238
700 7000 262
800 8000 262
900 9000 262
1000 2000 182
2000 3000 217
3000 4000 238
4000 5000 215
5000 6000 236
6000 7000 262
7000 8000 252
8000 9000 247
100 200 125
200 300 128
300 400 144
400 500 142
500 600 137
600 700 145
700 800 171
800 900 179
900 1000 174
1000 100 179
2000 200 182
3000 300 217
4000 400 238
5000 500 238
6000 600 238
7000 700 262
8000 800 262
9000 900 262
200 100 125
300 200 128
400 300 144
500 400 142
600 500 137
700 600 145
800 700 171
900 800 179
2000 4000 238
4000 6000 236
6000 8000 262
1000 3000 217
3000 5000 238
5000 7000 262
7000 9000 252
1000 1100 169
1100 1200 182
1200 1300 177
1300 1400 177
1400 1500 172
1500 1600 167
1600 1700 180
1700 1800 180
1800 1900 175
1900 2000 175
2000 2100 157
2100 2200 170
2200 2300 183
2300 2400 183
2400 2500 209
2500 2600 178
2600 2700 191
2700 2800 173
2800 2900 173
2900 3000 217
3000 3100 186
3100 3200 199
3200 3300 168
3300 3400 181
3400 3500 181
3500 3600 194
3600 3700 207
3700 3800 238
3800 3900 176
3900 4000 189
4000 4100 189
4100 4200 189
4200 4300 202
4300 4400 215
4400 4500 184
4500 4600 184
4600 4700 184
4700 4800 197
4800 4900 179
4900 5000 210
